ArcGIS基础100例（操作手册 操作数据）汤国安/Data/Ex55/asc.txt
ncols         118
nrows         92
xllcorner     5625.4691773355
yllcorner     1982.5550312176
cellsize      5
NODATA_value  -9999
[rows 56 to 83 of 92, columns 0 to 62 of 118]
985.7369 983.6119 984.4109 986.2119 988.0129 989.3757 990.9359 992.5264 993.817 995.0975 996.2862 996.8677 997.343 997.4148 997.2347 996.8448 996.0948 995.3227 994.1454 992.8535 991.5606 989.9113 987.6375 985.3635 982.6734 979.3582 975.0674 972.2925 975.8266 979.9341 986.4719 990.3674 991.7502 993.0783 994.1714 995.6766 997.3199 998.926 1000.422 1001.576 1002.372 1003.153 1004.143 1005.165 1005.368 1004.768 1003.981 1003.129 1002.219 1001.296 1000.427 999.2737 997.7016 996.1968 994.915 993.4595 991.9487 990.3835 988.3822 986.2393 984.1574 982.1544 980.1515
984.4044 982.5119 983.059 984.86 986.1235 987.5481 989.0098 990.2759 991.5565 992.837 994.0626 994.6325 995.0467 995.1047 995.0479 994.6582 994.0322 993.4781 992.4412 991.2375 989.9465 988.6981 987.0663 984.6862 982.3061 979.8734 975.7994 971.6394 974.0582 978.1656 982.6028 987.1808 990.5103 991.6309 992.8538 994.4927 996.0213 997.678 999.356 1000.543 1001.34 1002.157 1003.149 1004.171 1005.193 1005.798 1004.875 1003.952 1003.029 1002.106 1001.259 1000.19 998.7609 997.3145 995.8319 994.3427 992.7776 991.2124 989.517 987.3741 985.2312 983.0883 980.9529
982.9509 981.4625 981.7071 983.1997 984.2587 985.7205 986.9995 987.8954 989.2534 990.5765 991.8389 992.3481 992.7504 992.7945 992.8301 992.4717 991.9694 991.5568 990.5967 989.8188 988.386 987.1376 985.8891 984.5092 982.1291 979.5704 975.4965 972.1078 972.4507 976.5644 980.839 985.0156 988.1116 990.1064 991.588 993.1166 994.7534 996.3137 997.7098 999.1585 1000.344 1001.161 1002.155 1003.177 1004.059 1004.865 1005.573 1004.762 1003.839 1002.924 1001.968 1000.818 999.6869 998.2043 996.7217 995.1716 993.6064 992.0413 990.4761 988.5089 986.366 984.2231 982.0801
982.1174 980.4131 980.2759 981.1893 982.4182 983.6859 984.9514 985.5063 986.8563 988.2142 989.4808 990.0638 990.4487 990.4844 990.52 990.2851 989.9269 989.5863 989.4863 989.0594 988.3099 986.5695 984.8291 983.0887 981.8317 979.2675 975.8851 972.8481 970.8576 975.046 979.3566 982.8376 985.286 987.8185 990.2119 991.7416 993.0962 994.4852 996.0403 997.5293 998.9011 1000.165 1001.083 1001.948 1002.879 1003.63 1004.338 1005.046 1004.65 1003.746 1002.559 1001.375 1000.385 999.0941 997.5656 996.0004 994.4352 992.8701 991.3049 989.6437 987.5008 985.3579 982.4233
981.0015 979.5632 978.6135 979.2981 980.3723 981.6401 982.7699 983.3248 984.4592 985.8171 986.4614 987.0649 988.1898 988.2244 988.4423 988.6079 988.326 987.8994 987.7535 988.3 987.8732 986.584 984.8436 983.1031 981.3627 978.9681 975.8681 973.2012 970.5344 973.0626 976.808 980.7967 983.3463 985.8959 988.2111 989.8528 991.2832 992.9711 994.5588 995.8461 997.2235 998.5186 999.7664 1000.767 1001.687 1002.395 1003.103 1003.812 1004.52 1004.3 1002.999 1001.968 1000.979 999.8729 998.3784 996.8293 995.2641 993.699 992.1338 990.5686 988.6356 986.0307 983.4269
980.7412 979.2479 977.4968 977.561 978.6012 979.6608 980.5883 981.1432 982.0621 982.8566 983.442 985.0681 985.9431 985.9778 986.8579 986.9894 986.7252 986.264 985.875 986.3998 987.0817 986.5984 984.858 983.1176 981.1907 978.4656 974.8146 971.252 970 970 973.8411 978.3821 981.6121 984.1617 985.9532 987.658 989.8713 991.5883 992.8389 994.1685 995.4642 996.7621 998.0875 999.413 1000.452 1001.233 1002.045 1002.71 1003.382 1003.951 1003.54 1002.345 1001.154 1000.164 998.7521 997.2575 995.7629 994.2684 992.7737 991.2792 989.6127 986.8038 984.0263
981.2006 979.3428 977.4015 975.8316 976.8937 977.906 978.4855 979.013 979.4637 979.8687 981.4451 983.081 983.6965 984.5153 985.182 985.333 985.1244 984.6917 984.188 984.3643 985.0461 985.728 984.8725 982.9618 980.9004 978.2443 974.8138 971.3834 967.678 967.2948 970.8742 975.3893 979.7892 982.0524 983.6654 985.8466 988.0153 989.8168 991.1189 992.4323 993.7577 995.1304 996.513 997.8956 999.2844 1000.255 1000.849 1001.547 1002.177 1002.791 1003.23 1002.444 1001.402 1000.411 999.1259 997.5662 995.9685 994.3708 992.9564 991.6116 990.2667 987.6713 984.7665
981.522 979.8948 977.9011 975.6942 975.1638 975.9537 976.4117 976.9392 977.2349 978.1298 979.5346 981.0939 981.9478 983.046 983.4833 983.6765 983.5236 983.1193 982.5952 982.3287 983.0106 983.6924 984.022 982.2272 980.1896 977.7964 975.3636 971.9332 968.3016 964.5032 967.8391 971.1094 975.537 979.4542 981.7443 983.8469 985.683 987.4233 989.2589 990.9267 992.3093 993.6918 995.0743 996.4575 997.7798 998.6151 999.5819 1000.402 1001.041 1001.697 1002.1 1002.211 1001.38 1000.372 999.0411 997.4434 996.0922 994.7473 993.4025 992.0576 990.7128 988.6347 985.7299
981.9669 980.36 978.4531 976.0405 974.0629 973.9732 974.3379 974.688 975.0189 976.4236 977.8284 979.1711 980.5883 981.3885 981.7845 982.0201 981.8785 981.5471 981.0228 980.4987 980.9741 981.6537 981.5888 980.3366 978.7296 976.499 974.3575 972.1649 968.9303 965.1475 964.4518 967.7261 970.6346 974.9397 979.329 981.5492 983.2895 984.9406 986.9199 989.1677 990.8706 992.2532 993.6357 995.0226 996.0663 996.9694 997.9601 999.0151 999.9261 1000.603 1000.97 1001.008 1000.869 1000.061 999.1707 997.826 996.4813 995.1366 993.7919 992.4472 991.1025 989.4944 986.6874
982.4117 980.8049 978.8942 976.899 975.014 973.3746 972.2349 972.4293 973.3126 974.5109 975.7369 977.3527 978.9265 979.6068 980.0857 980.357 980.2221 979.9563 979.0504 978.1445 978.6809 979.527 979.2917 978.5262 977.4865 976.1108 973.884 971.6003 968.8417 964.9714 962.501 965.4385 968.4 969.6087 972.9507 977.6971 980.8256 982.3684 984.5809 986.8287 989.0765 990.8145 992.1971 993.4227 994.3569 995.3906 996.5328 997.4963 998.4073 999.3184 999.7549 999.8913 999.8358 999.6273 999.251 998.0482 996.7 995.3551 994.0104 992.6657 991.321 989.9506 987.1436
983.2646 981.7083 979.9816 978.1105 976.4851 974.9653 973.6881 972.4765 971.1014 972.3027 973.8735 975.4253 976.8398 977.1843 977.518 977.8417 977.5998 977.1622 976.333 975.561 976.1555 977.1788 977.3109 977.2377 976.0337 974.7202 973.464 971.2753 968.3246 964.4823 961.7184 963.8455 966.4801 967.6888 969.4359 973.0793 976.4339 979.9976 982.242 984.4897 986.7375 988.9853 990.6998 991.7828 992.8233 994.0261 995.0299 995.9775 996.8885 997.7142 998.1409 998.366 998.5331 999.0472 998.8504 998.2743 996.9261 995.5779 994.2297 992.8842 991.5396 990.1948 987.5997
984.582 982.856 981.12 979.5635 978.1006 976.6816 975.55 974.1686 972.5014 970.7717 971.9241 973.476 974.5016 974.6875 974.9041 975.0744 974.8279 974.2721 973.6157 973.0881 973.6302 974.8306 975.33 975.2679 974.9096 973.5411 972.1727 970.8172 967.8531 965.0892 962.3253 962.2525 964.5602 966.0814 967.5878 969.7592 973.3594 976.6432 979.6391 981.9086 984.1144 986.2242 988.256 990.256 991.5181 992.5231 993.527 994.4587 995.3745 996.0135 996.8039 996.8408 997.2723 997.7831 998.3033 998.0735 997.1522 995.804 994.4558 993.1075 991.7593 990.4133 988.2141
985.7291 984.2014 982.7031 981.2064 979.7162 978.5448 977.4119 975.8547 974.5292 972.8812 970.7153 971.5266 972.1634 972.126 972.2965 972.3071 971.9672 971.382 970.7968 970.6152 971.2128 972.4825 973.3491 973.298 973.3172 972.4171 971.0486 970 967.9322 965.696 962.9321 960.6595 962.727 964.0037 965.3149 967.759 970.1686 973.5759 976.257 978.8951 981.4588 983.7107 985.9625 988.1732 990.0164 991.0203 992.0241 992.9422 993.8631 994.4867 995.371 995.4504 996.0115 996.5191 997.0393 997.5595 997.2966 996.0301 994.6819 993.3337 991.9855 990.6082 988.6479
987.3513 985.8529 984.3561 982.7386 981.5369 980.4111 979.2337 977.8824 976.557 974.9908 972.825 970.6591 970 969.2941 969.5704 969.3213 968.8216 968.0743 967.3665 967.5082 968.6258 970.1343 971.3682 971.3281 971.3473 971.293 970 969.2673 967.4778 965.1985 962.9191 960.6397 960.4197 961.3155 963.2628 965.5173 967.9394 970.0576 972.5823 975.107 978.5318 981.4583 983.7031 985.7603 987.4971 989.1873 990.5101 991.4308 992.2721 993.1497 993.8458 994.2008 994.7507 995.2551 995.7753 996.2955 996.8157 996.2562 994.908 993.5598 992.1948 990.6083 988.648
988.9658 987.3349 985.7041 984.5398 983.4139 982.2361 981.0181 979.9102 978.5848 977.1005 974.9346 972.4728 970 968.1299 966.0129 965.5615 965.1884 964.3839 963.9379 964.4418 965.7837 967.3205 968.7111 968.9356 968.9675 968.9994 968.4301 967.2508 966.4583 965.1654 963.4258 961.1465 960 958.7684 961.0103 963.3369 965.309 967.2026 969.0958 971.3188 974.3647 978.5307 981.3284 983.2762 984.9665 986.5472 987.9944 989.8389 990.8326 991.8127 992.3662 992.9512 993.4899 993.991 994.5112 995.0314 995.5516 996.0719 995.1342 993.7813 992.1948 990.6084 988.6482
990.335 988.6696 987.5427 986.4168 985.1374 983.8089 982.6887 981.5967 980.5046 979.21 976.7676 974.6092 972.4354 970.2408 968.3473 966.4694 964.8193 963.6791 962.2586 961.449 962.7916 964.0616 965.3318 965.6455 965.7006 965.7325 966.3316 965.0977 964.9422 963.6493 962.3564 961.0634 959.3036 955.983 958.4725 960.5745 962.4686 964.3621 966.2552 968.1484 970.0533 973.4714 977.4414 980.696 982.1586 983.6212 984.9677 986.838 988.9257 990.4758 991.1166 991.7015 992.2291 992.7289 993.2472 993.7674 994.2876 994.8079 995.3281 993.6804 991.9847 990.2891 988.6707
991.8931 990.6179 989.4083 988.0388 986.6691 985.4671 984.3594 983.2673 982.1753 981.0477 979.7903 977.6298 975.3099 972.8911 971.1734 969.9654 968.0875 966.8282 964.8323 962.7991 961.4171 960.6824 961.9525 962.2717 962.4337 962.6531 963.4195 962.9445 963.4261 962.1332 960.8403 960 958.4001 954.8064 955.291 957.435 959.579 961.3983 963.0139 964.736 966.7386 968.7645 971.907 976.2638 978.7141 980.5947 981.9409 983.9904 986.017 987.9418 989.6284 990.452 990.9683 991.4681 991.9832 992.5034 993.0236 993.4356 993.6696 992.4662 990.9302 989.5641 988.2295
993.9904 992.4474 990.9797 989.5704 988.278 987.1254 986.03 984.9351 983.8315 982.6727 981.5123 980.2163 977.9492 975.5305 973.3988 972.2034 971.0081 969.3891 967.3948 965.2428 963.8608 962.4787 960.4263 959.3186 959.4227 959.5916 960.3527 960.7914 961.4263 960.6171 960 960 957.887 954.5088 953.9882 956.1547 958.1581 958.8718 959.7122 961.4289 963.3552 964.9642 967.3253 970.8726 973.8862 976.2765 978.4158 980.6542 982.579 984.5033 986.1375 987.6724 989.1407 990.2073 990.7191 991.1372 991.5385 991.8632 991.9788 991.0905 989.6794 988.5741 987.4688
995.5338 994.0036 992.5762 991.1605 989.9362 988.7927 987.6943 986.5908 985.4581 984.2864 983.0822 981.7675 980.3459 978.1698 975.751 974.4289 973.1893 971.5695 969.5772 967.6865 965.6343 963.1332 960.7628 958.9621 957.0587 956.5599 957.0132 957.4851 958.6577 959.1441 958.5364 956.9334 957.1918 954.3436 952.9008 955.0673 956.3418 957.0654 957.9965 958.9941 959.7399 961.0298 963.235 967.1115 969.5478 971.7838 974.1289 976.5289 978.9288 981.0125 982.4967 983.9684 985.5013 987.2223 988.4733 989.2794 989.9569 990.2815 990.288 989.6324 988.8821 987.6304 986.4788
997.0771 995.6 994.1954 992.8535 991.6563 990.4893 989.3501 988.2434 987.0605 985.8562 984.652 983.3188 981.8972 980.4756 978.3904 976.6544 975.2505 973.3726 971.3262 969.2342 967.0019 964.7696 962.6155 961.1665 959.6535 957.4028 955.3116 953.5466 954.6679 955.252 954.0491 954.3074 954.5658 954.1783 951.8134 953.9798 954.5254 955.2589 956.2751 957.2079 957.9724 958.6953 960.3913 964.9606 966.7552 968.4448 969.8671 972.2133 974.7381 977.5347 978.7868 980.7426 982.4635 984.1844 985.4682 986.6928 987.4834 987.9667 988.5089 988.3718 989.0468 987.9474 986.6956
998.6239 997.2303 995.8599 994.5761 993.4263 992.2751 991.0848 989.8345 988.6302 987.426 986.2217 984.87 983.4484 982.0268 980.6052 978.8798 977.0553 974.9723 972.8876 970.8987 968.7763 966.544 964.6284 963.1794 961.6396 960.3984 958.58 956.3557 953.6044 951.743 951.4231 951.6815 951.9398 952.1982 950.726 952.1793 952.709 953.5358 954.489 955.4217 956.205 956.9278 959.119 962.228 964.2144 965.78 966.3947 968.2954 971.991 974.1288 975.1097 976.251 979.062 981.1466 982.4631 984.4489 985.0099 986.2633 986.7118 987.1112 987.783 988.2645 987.0128
1000.266 998.8949 997.5245 996.3247 995.238 994.0609 992.804 991.5065 990.2145 988.9957 987.7915 986.4213 984.9996 983.5781 982.2216 980.6559 978.618 976.5082 974.4685 972.4796 970.4907 968.3185 966.6413 965.0139 963.5795 962.3383 961.0972 959.7573 957.3178 955.2214 952.9384 951.2778 950.4644 950.2433 950.0223 950.3629 950.8927 951.77 952.7027 953.6355 954.4376 955.7543 958.0421 959.7074 961.662 962.3693 962.9222 965.8088 969.3284 970.7047 971.4326 971.8385 974.1001 976.9891 980.1859 982.0532 983.1263 984.6544 984.9146 985.8506 986.5192 987.1799 987.3298
1001.932 1000.56 999.2231 998.1365 997.037 995.8022 994.4824 993.1905 991.8986 990.6067 989.3613 987.9725 986.6944 985.4689 984.0671 982.1181 980.1832 978.0384 976.0495 974.0606 972.0717 970.1281 968.4377 966.7839 965.5195 964.2783 962.7891 961.3618 960.4696 958.3813 955.8316 954.1118 952.451 950.7904 948.7139 947.8727 948.055 949.9547 950.9165 951.8493 952.6702 954.6774 955.9754 957.6339 959.1367 960 960 963.4008 965.8539 967.4 967.5944 968.0294 970.1135 973.5568 976.7617 979.9796 981.5175 983.0455 983.4978 984.59 985.2554 985.9161 986.5768
1003.599 1002.129 1000.934 999.9482 998.8005 997.4772 996.1664 994.8745 993.5826 992.282 991.0636 989.9456 988.6988 987.407 985.5293 983.6605 981.7427 979.9825 978.1832 976.3839 974.5846 972.6066 970.291 968.7006 967.1395 965.4664 963.7782 962.8418 962.3153 960.9249 958.9915 956.9457 955.2793 953.1251 951.1674 949.0788 945.1949 944.9795 947.5776 950.0631 951.277 952.4089 953.9001 955.4037 956.8304 958.1215 959.4127 960.987 962.6085 964.0358 963.6533 964.4545 966.9922 970.3729 974.0367 976.8627 979.8229 981.4366 982.2372 983.3294 983.9916 984.6523 985.313
1005.031 1003.551 1002.57 1001.469 1000.368 999.1522 997.8504 996.5144 995.1359 994.0255 992.913 991.7147 990.5662 988.9414 987.1042 985.5266 983.8175 982.2688 980.718 979.0336 977.2344 975.0851 972.5237 969.8168 968.1416 966.4526 965.2505 964.3848 964.161 962.8212 961.2911 959.6337 957.4568 955.3959 953.4382 951.4805 949.1201 945.5109 942.2393 944.8851 947.7115 950.1231 951.6268 953.1304 954.524 955.8152 957.2095 958.386 959.618 960.3542 959.9442 960.9974 964.2527 967.4686 970.918 973.746 976.7062 979.6664 980.9766 982.0671 982.7278 983.3885 984.0493
1006.307 1005.187 1003.977 1002.688 1001.664 1000.646 999.351 998.0973 996.9869 995.8755 994.6374 993.4378 991.976 990.4979 989.2433 987.6414 986.1035 984.5527 983.0018 981.4509 979.8792 977.1492 974.4263 971.7035 969.1271 967.6592 966.7935 966.1917 966.0067 964.7175 963.1801 961.4442 959.6343 957.6927 955.7786 953.8494 951.8405 949.6973 945.6274 941.5997 942.7628 945.2292 948.5291 950.8571 952.2178 953.7808 955.1 956.0754 957.3074 957.5848 957.0861 958.0503 959.6525 961.6271 965.2263 970.5356 973.2328 975.808 979.1241 980.8033 981.4641 982.1248 982.7722
1007.803 1006.484 1005.056 1003.985 1003.04 1001.891 1000.794 999.9484 998.838 997.5778 996.3094 994.8406 993.6222 992.4412 991.2013 989.9316 988.3874 986.8264 985.2628 983.6992 981.906 979.6005 976.8776 973.8642 970.2415 969.2022 968.3364 968.0374 967.8524 966.6137 964.9163 963.5258 962.0483 960.0881 958.1719 956.1795 954.1565 952.1227 949.1185 945.4048 942.3899 940.3474 943.3572 946.0999 950.3521 951.8751 952.7701 953.7647 954.4979 954.6204 954.2502 955.3792 956.9814 957.9355 960.562 966.0501 969.1764 971.868 975.211 978.2275 980.1171 980.7453 981.3736
1008.992 1007.564 1006.305 1005.379 1004.343 1003.122 1002.183 1001.35 1000.395 999.2053 997.9143 996.7447 995.5698 994.334 993.0789 991.7941 990.5119 989.0607 987.4971 985.8057 983.9169 981.6832 979.3288 975.931 973.0883 971.4285 970.0793 969.8831 969.6981 968.6265 967.4974 966.3682 964.4991 962.5462 960.5497 958.4507 956.4169 954.2958 951.9941 949.3866 946.5083 941.7838 940 940 943.9564 948.6675 950.4402 951.342 951.5297 951.656 951.6087 952.7081 954.1479 956.0903 958.9058 961.5856 964.8021 967.8387 970.3257 973.3422 975.8511 977.885 980.2943
