ArcGIS基础100例（操作手册 操作数据）汤国安/Data/Ex55/asc.txt
ncols         118
nrows         92
xllcorner     5625.4691773355
yllcorner     1982.5550312176
cellsize      5
NODATA_value  -9999
[rows 0 to 27 of 92, columns 0 to 62 of 118]
1015.637 1011.762 1010 1010.076 1012.294 1014.855 1017.143 1020.207 1021.742 1023.112 1024.527 1025.874 1024.229 1022.413 1020.99 1019.568 1018.15 1017.005 1015.874 1014.544 1013.359 1012.622 1011.461 1010.066 1009.263 1008.306 1007.448 1006.953 1006.101 1005.313 1004.599 1003.827 1002.967 1002.075 1001.178 1000.281 998.6904 996.7205 994.7507 992.7734 990.7955 988.7687 986.6585 984.5411 982.423 980.3049 976.3672 973.9719 974.2175 976.3968 976.7207 976.4111 976.6658 976.5923 976.6815 976.2614 975.9774 975.5422 974.7457 973.6892 972.9177 972.1462 971.105
1015.591 1011.78 1007.857 1007.585 1008.372 1010.591 1013.436 1016.421 1019.388 1021.184 1022.751 1023.991 1024.775 1023.5 1022.077 1020.654 1019.277 1017.844 1016.412 1015.659 1014.922 1014.185 1012.851 1011.727 1010.536 1009.365 1008.649 1007.779 1006.939 1006.22 1005.404 1004.518 1003.626 1002.729 1001.809 1000.76 999.3069 996.7973 994.2876 992.093 990.1151 989.2115 987.1013 984.9911 982.761 980.3137 977.0737 975.0143 976.9333 978.7508 979.1432 978.884 978.8942 978.8206 978.6866 978.1871 977.8794 976.9978 975.9945 975.0472 974.2758 973.2142 972.0273
1016.3 1012.658 1008.783 1004.764 1003.926 1006.643 1009.214 1012.043 1014.405 1017.793 1020.879 1022.148 1022.808 1023.287 1022.67 1021.186 1019.712 1018.697 1017.96 1017.223 1016.486 1015.749 1014.446 1013.188 1011.799 1010.482 1009.458 1008.588 1007.84 1006.954 1006.068 1005.177 1004.28 1003.278 1002.229 1001.18 1000.101 997.6743 995.1183 992.621 990.6219 989.6542 987.544 985.1125 982.6652 980.2205 978.7261 979.1256 980.463 981.1572 981.5036 981.2452 981.0308 980.9631 980.5423 980.0998 979.3065 978.3277 977.2168 976.4053 975.3234 974.1102 972.7382
1016.391 1012.957 1009.255 1005.624 1002.95 1002.931 1005.556 1007.141 1008.934 1011.114 1016.166 1020.284 1021.086 1021.586 1021.637 1020.722 1019.882 1019.632 1019.382 1018.786 1018.049 1017.225 1015.871 1014.355 1013.032 1011.67 1010.392 1009.39 1008.504 1007.619 1006.728 1005.797 1004.748 1003.695 1002.572 1001.449 1000.326 998.2995 995.9232 993.7847 992.1202 990.1951 988.3717 986.2267 984.4959 982.9257 980.8539 981.8475 982.8699 983.6328 983.8311 983.4958 983.0768 982.8892 982.248 981.4149 980.5415 979.55 978.5349 977.4155 976.1086 974.6831 973.1983
1016.488 1012.976 1009.548 1007.066 1004.457 1001.783 1001.897 1002.766 1003.511 1005.818 1009.16 1012.315 1016.462 1019.275 1019.742 1018.192 1018.267 1018.186 1018.104 1018.023 1017.942 1018.163 1017.01 1015.584 1014.169 1012.859 1011.293 1010.076 1009.169 1008.28 1007.266 1006.165 1005.042 1003.943 1002.852 1001.785 1000.719 999.2253 996.9474 995.1646 993.05 990.9355 989.819 987.4421 985.2367 983.5181 983.4052 984.2208 985.283 986.0379 986.1585 985.7078 985.1229 984.5935 983.8862 982.5204 981.4731 980.5903 979.414 978.1071 976.628 975.1042 973.5199
1016.271 1013.754 1010.242 1007.246 1004.289 1001.731 1000 1000 1000 1000.546 1003.437 1006.031 1007.561 1009.326 1012.703 1014.15 1015.064 1015.72 1015.639 1015.558 1015.688 1016.219 1016.844 1016.706 1015.326 1013.66 1012.206 1010.989 1009.769 1008.67 1007.571 1006.472 1005.4 1004.334 1003.267 1002.201 1001.134 1000.068 998.0195 995.9049 993.7904 991.6758 989.6194 987.9008 986.1822 985.1632 985.9788 986.7944 987.6962 988.4237 987.2373 986.6868 985.9295 985.2355 984.7175 983.6353 982.4048 981.3027 979.9218 978.4095 976.8253 975.241 973.6567
1015.009 1012.927 1010.974 1007.902 1004.955 1002.014 1000 1000 998.0346 995.3112 997.9147 1000.575 1002.644 1004.893 1007.154 1009.189 1011.351 1013.255 1013.174 1013.211 1013.744 1014.401 1015.09 1014.962 1014.873 1014.363 1012.897 1011.387 1010.115 1009.015 1007.979 1006.955 1005.931 1004.907 1003.883 1002.86 1001.836 1000.474 998.3076 995.995 993.6823 991.553 990 988.8463 987.1277 987.7369 988.5525 989.204 988.1227 986.2635 984.8338 984.5526 984.0611 983.5043 982.9868 982.7371 981.8969 981.1184 979.6638 978.2495 976.8352 975.3777 973.7934
1014.299 1012.276 1010.194 1007.404 1005.16 1002.75 1000 998.2101 994.61 991.0098 991.7347 993.5099 997.1338 1000.461 1002.072 1004.239 1006.773 1009.548 1010.734 1011.269 1011.957 1012.765 1013.324 1013.217 1013.303 1013.091 1012.288 1011.314 1009.941 1009.441 1008.724 1007.7 1006.676 1005.652 1004.629 1003.605 1002.581 1000.838 998.783 996.4703 994.1577 991.8331 990.5071 989.7919 989.4949 989.6442 989.4814 988.6253 986.4231 984.2491 982.4304 982.2706 982.1927 981.7318 981.2967 981.1501 980.6174 979.7756 979.1585 977.9852 976.5745 975.1628 973.7486
1013.432 1011.524 1009.372 1006.509 1003.646 1001.372 998.7331 995.1776 991.6366 988.5385 986.864 988.0358 989.4252 992.006 995.2999 998.9269 1001.788 1004.477 1006.592 1008.349 1010.321 1011.129 1011.559 1011.609 1011.733 1011.589 1010.97 1010.319 1008.831 1008.963 1008.793 1008.294 1007.421 1006.397 1005.374 1004.35 1002.969 1001.201 999.2495 996.9195 994.6102 993.438 992.2444 990.7698 989.9228 989.7508 989.1279 986.9257 984.7235 982.53 980.381 980 980.1226 979.8248 979.6036 979.397 978.7297 977.9321 977.6403 977.2306 976.1818 974.8842 973.4735
1012.498 1010.709 1008.295 1005.612 1002.804 999.9175 997.2458 994.2566 991.2588 988.2151 984.6348 984.5608 986.052 987.7031 989.1158 991.3065 994.9572 998.6051 1001.111 1002.793 1005.535 1008.141 1009.306 1010.048 1010.203 1010.086 1009.451 1008.814 1007.573 1007.047 1007.215 1007.384 1007.552 1007.143 1006.119 1005.095 1003.332 1001.542 999.6758 997.5412 996.2635 994.7889 993.1755 991.4399 990 989.6304 987.4282 985.2261 983.0239 980.8217 980 980 978.9103 977.6202 977.2888 977.2067 976.5394 976.0886 975.9665 975.9501 975.2839 974.3391 973.0723
1012.809 1010.548 1007.829 1004.963 1002.12 999.4213 996.8887 994.3561 992.02 989.1132 985.2776 981.6583 983.0141 984.6749 986.0876 987.5003 988.913 991.0351 994.8378 997.0464 999.026 1001.203 1003.386 1004.427 1005.455 1005.709 1006.055 1005.828 1006.315 1005.132 1005.3 1005.468 1005.636 1005.805 1005.973 1005.347 1003.509 1001.672 999.903 998.206 996.4705 994.7349 992.9993 991.2637 990 988.7087 986.6729 984.6248 982.5767 980.5286 980 978.8466 977.3152 975.7839 974.9745 974.889 974.371 974.2451 974.2922 974.4918 974.2001 973.3373 972.4
1013.172 1010.858 1008.236 1005.48 1002.835 1000.189 997.9335 995.7404 993.0938 990.4471 986.6046 982.3068 980.6747 981.6467 983.0594 984.3416 985.5994 987.3275 989.0555 991.3074 993.0516 994.9828 996.8099 999.0096 1000.756 1001.899 1002.658 1002.88 1003.685 1003.485 1003.384 1003.553 1003.721 1003.879 1004.144 1004.679 1003.027 1001.298 999.5833 997.9139 996.2446 994.5587 992.8231 991.0875 990 988.6567 986.6231 984.5895 982.5363 980.4788 978.7828 977.2515 975.7201 974.1887 972.77 972.5683 972.2458 972.4016 972.6179 972.9429 972.7418 972.3279 971.3906
1013.683 1011.405 1008.898 1006.244 1003.591 1001.445 999.437 996.741 994.0449 991.3488 987.8314 983.4917 980 979.0765 979.5906 980.9908 982.4565 984.0773 985.5395 986.9414 987.9659 989.0139 990.1163 991.8965 994.1708 996.3503 998.4221 999.8284 1000.694 1001.548 1001.469 1001.637 1001.771 1002.033 1002.468 1002.493 1001.478 1000.176 999.6085 998.557 996.5872 994.6172 992.6473 990.9113 990 988.5267 986.1926 983.8586 981.5246 980 977.5025 976.0499 974.3903 972.7181 971.0623 970.2476 970.1206 970.5454 970.9437 971.3907 971.2834 970.9917 970.3813
1014.491 1012.083 1009.641 1006.988 1004.65 1002.631 1000.729 998.2719 995.4624 992.6529 989.5337 984.9632 980.4064 976.8442 974.4296 976.7334 977.8329 980.1785 981.6407 983.0227 984.0178 985.0472 986.1022 987.0651 988.1549 989.2437 990.6325 992.5225 994.5493 996.5334 998.2994 998.7769 999.7698 1000.303 1000.457 1000.205 999.253 997.5497 998.2883 998.8376 997.7109 995.741 993.7712 991.8013 990 988.6046 986.2706 983.9366 981.9173 980 977.3455 974.2642 973.0737 971.7428 970.0706 966.9597 966.3268 967.1838 968.3617 969.5652 969.5552 969.1821 968.8831
1015.165 1012.757 1010.349 1007.855 1005.724 1003.749 1001.856 999.9437 997.1342 994.3146 991.2286 987.2492 983.4097 979.7888 974.1907 972.7092 973.5116 973.7195 976.188 978.0239 980.0695 981.0735 981.9243 982.971 984.0612 985.1499 985.9875 986.9271 988.179 989.4308 991.0778 992.8844 994.6577 995.8508 996.9043 996.6519 996.572 995.1364 995.926 996.9654 998.0048 996.8649 994.895 992.2084 990.0137 988.6826 986.5252 984.6391 982.9189 981.3216 979.0917 974.0441 971.288 970.0975 968.4867 965.108 962.5758 963.4294 964.7682 966.1719 966.5583 966.6259 966.5412
1016.124 1013.656 1011.172 1008.817 1006.77 1004.876 1002.983 1001.089 998.806 995.8581 992.7721 989.5786 985.5389 981.5175 976.944 972.8846 970.5165 968.328 968.2087 969.4266 971.9793 974.2303 975.8005 977.8701 979.7559 980.5599 981.3082 982.2202 983.5193 984.973 986.2385 987.9 989.6242 990.8519 992.092 992.9554 993.351 992.8583 993.5699 994.6031 995.6425 996.6819 995.8823 993.7128 991.5081 989.5554 987.8352 986.1882 984.6014 983.0146 981.4278 979.4556 973.4847 970 967.2104 963.9284 960.421 959.9654 961.3749 962.7786 963.5771 964.0696 964.1812
1017.233 1014.708 1012.183 1009.755 1007.862 1005.968 1004.074 1002.181 1000.281 997.2816 994.1527 991.1471 987.4713 983.382 978.5133 974.5837 970.4139 967.5922 964.9935 966.1077 967.3583 968.6215 969.2314 970.9581 973.3798 974.6584 975.6494 977.0377 979.0489 980.8182 981.8181 983.0682 984.3784 985.985 987.1856 988.3862 989.7358 990.5801 991.2917 992.2409 993.2546 994.0284 994.7103 994.3803 992.881 990.692 989.3242 987.7013 986.0784 984.4555 982.8326 981.1563 977.3388 970.4485 966.7603 963.318 959.5939 956.564 957.5776 959.2776 960.5959 961.5134 961.8213
1018.135 1015.585 1013.145 1010.764 1008.714 1006.821 1004.927 1002.994 1001.057 998.6152 995.6095 992.6039 989.4534 984.6816 978.8311 974.9014 971.4543 968.1758 964.636 962.9537 964.6994 965.9714 966.196 967.408 968.0605 969.0546 970.0937 971.482 972.8703 975.0495 976.8948 977.9492 979.0035 981.0594 982.291 983.3067 984.5597 985.8761 987.6044 989.2327 990.3514 991.0998 991.8322 991.7524 991.1448 990.2737 989.5173 988.9746 987.3879 985.765 984.1421 982.3861 980.6981 976.5128 969.188 963.576 960 956.7767 953.5559 955.2811 956.8024 957.4626 958.5142
1018.986 1016.597 1014.216 1011.836 1009.567 1007.649 1005.797 1003.946 1001.795 999.5095 996.6414 993.7731 990.8809 985.2205 979.1489 975.7819 972.7814 969.7415 966.6606 963.3515 962.0951 963.3673 963.1649 964.0234 964.1824 964.9901 965.8516 966.906 967.9604 969.1166 971.372 972.6747 973.934 975.6512 976.9078 978.0334 979.204 980.3655 982.4224 983.9618 985.4202 986.809 988.0853 988.6644 987.7062 988.0995 988.663 988.8832 988.3405 987.0745 985.4516 983.6646 981.9974 980.3976 973.9206 968.1899 963.2889 958.5021 954.5662 951.2944 950.9919 951.3185 951.9677
1019.617 1017.236 1014.855 1012.598 1010.64 1008.76 1006.719 1004.554 1002.389 1000.224 997.3374 994.2864 991.2355 985.969 980.2845 977.2407 974.5848 972.0636 969.0432 965.6074 962.0828 960.7632 960.0403 960.1993 960.3583 960.9255 961.738 962.6865 963.2703 964.0963 966.0194 967.4003 968.5834 969.9952 971.277 972.436 973.8002 975.1817 976.9418 978.5779 980.2316 981.69 983.3757 983.8751 984.3608 985.4385 986.2664 986.6042 986.9422 987.2801 986.7286 984.9584 983.2966 981.362 976.4938 972.1028 968.1913 961.0777 956.8149 953.8947 951.5685 950.1332 948.7395
1020.075 1017.861 1015.679 1013.741 1011.684 1009.752 1007.622 1005.492 1003.363 1001.203 998.2473 994.6411 991.5901 986.7563 982.3707 979.5083 977.1289 974.4658 971.2056 967.6614 963.7648 959.7377 957.6362 957.3856 957.0894 957.2031 957.9213 958.4992 958.7347 959.369 960.7 962.1259 963.2866 964.7797 965.9991 967.6612 968.7143 969.7397 971.014 972.5817 974.254 976.2562 978.9031 980.6221 981.6998 982.7775 983.8551 984.2076 984.5455 984.9651 985.2282 984.2518 983.0625 981.0665 978.5875 974.9649 971.3423 965.4478 959.0969 956.5729 954.0992 951.6401 949.6907
1020.834 1018.779 1016.635 1014.563 1012.657 1010.752 1008.71 1006.58 1004.422 1002.248 1000.075 996.2095 992.2844 988.5995 986.2466 983.0801 979.673 976.6663 973.243 970.3178 966.1337 961.7032 959.1526 956.5088 954.173 953.5792 954.2897 954.7259 955.4353 956.2562 957.2818 957.8921 958.7337 959.7654 961.7327 963.4417 964.7254 965.8436 967.0895 968.0181 969.2236 970.9517 973.7534 976.4631 978.3325 980.1164 981.1941 981.8109 982.2855 982.8858 983.1625 982.2252 981.3161 979.4164 977.7034 975.9904 973.3209 969.517 962.5872 958.7284 956.2037 953.9091 951.7993
1021.474 1019.426 1017.443 1015.537 1013.631 1011.725 1009.798 1007.64 1005.474 1003.367 1001.273 999.0445 995.5578 992.8494 990.1409 986.9524 983.5301 978.969 976.0199 973.0082 969.5569 965.4626 961.9208 959.1896 957.0173 954.834 952.1615 951.5431 952.364 953.185 954.1517 954.361 955.2862 955.9728 957.6933 959.4305 960.9601 962.3124 963.5785 964.8516 965.9083 967.2498 969.053 971.649 973.7164 975.5858 977.4746 979.2986 980.2063 980.8066 980.9713 980.3405 979.7155 978.0441 976.2606 974.4915 972.7785 971.0655 966.9322 961.7197 958.3082 956.1768 953.8271
1022.76 1020.537 1018.486 1016.581 1014.675 1012.77 1010.895 1009.021 1006.913 1004.806 1003.032 1001.262 999.4266 996.5389 993.6707 990.9271 987.7343 982.7747 978.7451 975.4384 972.1591 968.649 965.1688 962.3943 959.9992 957.827 955.1448 951.7711 950.4996 950.2336 950.7191 950.8643 951.551 952.2375 953.8055 955.4995 956.4296 958.3459 960.2625 961.7818 962.5931 963.825 965.4296 966.8548 969.0883 971.4828 973.7357 975.5971 976.6658 978.3155 978.7173 978.0927 977.9844 977.3346 975.9561 974.3347 972.7133 970.9653 967.998 963.9683 960.4244 957.9163 955.907
1024.334 1022.016 1019.563 1017.658 1015.753 1013.847 1012.036 1010.364 1008.352 1006.511 1004.681 1002.953 1001.435 999.84 997.041 994.1774 991.2397 986.6454 981.8636 978.0255 974.7037 971.4006 968.5983 965.6821 963.287 960.8918 958.0443 954.6706 951.2969 950 949.3359 948.0162 948.1451 948.6879 949.9091 951.0275 951.6372 953.3256 955.5979 957.3997 958.7626 960.4001 961.8062 962.082 964.6618 967.329 970.017 971.8957 973.6816 975.5721 976.4132 975.7648 976.2141 975.8732 974.9537 973.7202 972.1495 970.5281 968.0298 965.1082 962.1864 959.6738 957.7491
1025.908 1023.495 1020.879 1018.735 1016.83 1014.925 1013.177 1011.506 1009.931 1008.101 1006.271 1004.69 1003.171 1001.403 999.8076 996.8933 993.8739 989.905 985.1438 980.7899 977.3772 974.1776 971.6867 969.033 966.5741 963.8856 961.4302 958.9911 955.519 952.1846 949.5317 948.0956 946.3704 944.7564 945.6505 946.1992 946.9528 948.1212 949.6551 951.4107 952.985 954.4709 956.8203 957.7805 960.6526 963.4143 966.0426 968.8552 970.9382 972.8288 974.1091 973.8007 974.4437 974.3166 973.4923 972.5728 971.3394 969.9357 967.4132 965.2175 963.0217 960.8259 958.8131
1027.482 1024.974 1022.359 1019.813 1017.907 1016.002 1014.319 1012.73 1011.239 1009.691 1007.945 1006.233 1004.335 1002.803 1001.301 999.6091 996.508 992.1527 988.0056 984.0491 980.0926 977.03 974.5391 971.9952 969.3754 966.6869 964.1184 962.1024 960.1492 956.9713 953.6966 950.683 949.5372 948.0898 945.999 944.203 942.2349 943.0634 944.374 945.9628 947.3887 948.533 951.2469 953.662 956.5574 959.5145 962.8398 965.5573 967.8301 970.0855 971.8051 972.0134 972.6733 972.5462 972.031 971.1114 970.1918 968.6454 967.343 965.3787 963.1979 961.0172 959.5789
1029.057 1026.453 1023.838 1021.222 1018.985 1017.131 1015.517 1014.026 1012.535 1010.951 1009.26 1007.362 1005.706 1004.203 1002.701 1001.199 998.7921 994.0969 989.5604 986.0298 982.5634 979.8184 977.2715 974.7117 972.108 969.4882 966.8066 964.7927 962.8758 961.0108 958.5022 955.1378 953.6966 952.1223 950.4809 948.7173 946.7388 944.7205 942.5037 940.7533 941.8746 943.7569 946.9027 948.8594 950.9742 955.0911 959.4988 962.2595 964.5322 966.9008 969.2324 970.226 970.896 970.7759 970.5696 970 968.5035 967.1663 965.6694 964.5511 963.1018 960.9211 959.1601
