ArcGIS基础100例（操作手册 操作数据）汤国安/Data/Ex55/asc.txt
ncols         118
nrows         92
xllcorner     5625.4691773355
yllcorner     1982.5550312176
cellsize      5
NODATA_value  -9999
[rows 28 to 55 of 92, columns 0 to 62 of 118]
1030.446 1027.97 1025.317 1022.701 1020.085 1018.303 1016.781 1015.068 1013.437 1011.878 1010.32 1008.608 1007.082 1005.457 1003.832 1002.327 1000.919 997.9998 992.2467 988.0148 984.9752 982.4881 980.001 977.4246 974.8209 972.2173 969.601 967.5065 965.6024 963.79 961.9626 959.7993 957.8456 956.2081 954.5729 952.9346 951.2429 949.1248 946.7126 945.0172 943.4659 940.1749 943.2357 945.0627 946.4765 949.8468 954.2294 959.9609 962.4059 964.6975 966.1619 967.2947 968.2581 968.0668 967.9036 967.3811 966.7042 965.0458 964.0698 962.9246 961.7593 960.3886 957.4672
1031.611 1029.565 1026.886 1024.207 1021.496 1019.195 1017.483 1015.922 1014.364 1012.807 1011.249 1009.678 1008.053 1006.44 1004.964 1003.541 1002.133 1000.725 996.998 990.7098 987.6395 985.1146 982.6765 980.5218 978.0269 975.4233 972.8358 970.2855 968.5601 966.9183 965.1261 963.7928 962.0958 960.3424 958.6978 957.0331 955.2845 953.0414 950.8947 949.6364 948.1318 946.6273 940.1908 940.0883 942.2721 945.6423 949.0126 954.407 960.1626 961.8629 963.0779 964.1979 964.7307 964.6254 964.612 964.2966 963.9053 963.1054 962.0646 961.0948 960.1798 957.3929 953.9759
1032.577 1030.654 1028.233 1025.477 1022.654 1020.015 1018.445 1016.876 1015.308 1013.739 1012.179 1010.622 1009.083 1007.607 1006.164 1004.756 1003.262 1001.783 1000.255 994.7917 990.2267 987.705 985.5503 983.3956 981.2408 978.9012 976.5208 974.1655 972.2656 970.7588 969.6077 968.2744 966.5287 964.7789 962.9908 961.2103 959.1098 956.8376 955.022 953.374 952.1941 951.0142 945.5336 939.1978 938.2365 940.3055 943.6017 946.6844 949.704 955.6382 959.9765 960.7624 961.2032 961.2949 961.3204 961.2122 960.8209 960.4296 959.3552 955.6827 952.3457 951.1473 949.4103
1032.633 1030.969 1028.982 1025.901 1023.381 1021.276 1019.606 1018.037 1016.469 1014.9 1013.332 1011.763 1010.255 1008.787 1007.265 1005.647 1004.237 1002.791 1001.239 998.7407 993.6993 990.7163 988.3996 986.2429 984.0862 982.1703 980.3743 978.1432 975.7308 974.3727 973.2975 971.7483 970.6148 969.1661 967.3743 965.2748 962.9855 960.9539 959.1888 957.0333 955.8533 953.7537 951.5051 944.9029 939.4623 938.4755 939.1422 942.0175 944.8032 947.093 949.3045 953.0578 954.8323 954.9667 955.0311 954.0762 951.3246 949.5289 948.7419 947.9034 947.32 946.5089 945.2561
1032.334 1030.67 1029.135 1026.824 1024.62 1022.538 1020.833 1019.198 1017.63 1016.061 1014.493 1012.942 1011.442 1009.65 1008.097 1006.691 1005.285 1003.775 1002.222 1000.67 997.1718 994.3715 991.5944 989.0814 986.9938 985.1978 983.481 981.593 979.4095 977.9867 976.3782 974.5828 973.0791 972.0062 970.7679 969.2952 967.0396 965.0391 963.0787 960.7056 958.2558 956.0015 952.7184 947.9266 941.0565 936.5308 935.4735 937.5517 939.2301 941.2952 943.5058 945.7945 947.2411 947.3963 947.666 947.2745 945.9928 945.1859 944.6685 943.9636 943.304 942.2354 941.1308
1031.569 1030.372 1029.837 1028.063 1025.859 1023.799 1022.095 1020.391 1018.791 1017.222 1015.654 1014.129 1012.38 1010.635 1009.145 1007.739 1006.311 1004.759 1003.206 1001.654 1000.232 997.7382 994.961 992.3234 990.2406 988.5159 986.838 984.7004 982.8472 981.1802 978.9901 977.2455 975.4974 974.3428 972.7754 971.6584 970.5415 968.9901 966.879 963.7817 960.6506 957.1725 953.7457 950.3229 944.2666 939.6571 936.7877 934.1844 933.6947 936.4212 938.2362 939.4121 940.592 941.1776 941.7631 942.2214 941.4811 940.8766 940.3593 939.6975 937.98 935.7534 934.6502
1030.223 1029.07 1029.7 1029.302 1027.097 1025.061 1023.356 1021.652 1019.952 1018.384 1016.816 1015.169 1013.46 1011.841 1010.223 1008.787 1007.295 1005.742 1004.171 1002.727 1001.479 1000.199 998.2238 996.1409 994.0579 991.9749 990.0584 987.9473 986.155 983.9167 981.5893 979.6266 977.975 975.9083 974.7828 973.6659 972.4019 971.2952 969.3972 966.0968 962.6048 958.7388 955.3282 952.1238 947.9708 944.0622 940.8266 937.8191 934.8069 931.893 933.8441 935.1428 936.1979 936.2167 936.6562 937.1876 935.3353 933.6841 932.4429 930.7363 929.7006 929.1526 928.8568
1028.4 1027.208 1028.245 1029.282 1028.336 1026.322 1024.618 1022.914 1021.209 1019.545 1017.957 1016.286 1014.667 1013.048 1011.429 1009.831 1008.258 1006.684 1005.223 1003.975 1002.534 1001.149 999.6841 997.6011 995.5181 993.4351 991.7612 990.6263 988.7315 986.351 984.0403 982.1386 979.8352 977.9072 976.605 975.3087 973.9095 972.318 970.7385 968.2426 964.4583 959.8605 956.7206 953.5806 950.8154 948.3394 945.0759 941.8918 938.6501 935.7402 932.9099 930.9791 931.9271 931.8373 932.0391 932.9915 931.8004 930 929.3326 928.1145 927.3631 926.6387 925.8784
1026.483 1025.54 1026.577 1027.615 1028.652 1027.583 1025.879 1024.175 1022.451 1020.717 1018.979 1017.303 1015.628 1013.952 1012.312 1010.76 1009.197 1007.718 1006.331 1004.872 1003.452 1002.098 1000.744 999.0613 996.9783 994.8954 993.4639 992.1636 990.6891 988.7761 986.5765 984.2858 981.6093 979.5297 978.1575 976.5238 974.9245 973.345 971.7654 970.1395 965.4155 960.477 957.1634 954.6265 953.3635 951.5757 949.5042 946.6365 943.325 939.7239 936.8601 934.7459 933.2691 932.9795 932.8687 931.5796 930.2383 930 929.4866 928.8063 928.4462 928.457 928.2817
1024.565 1023.872 1024.909 1025.947 1026.919 1027.727 1026.883 1025.156 1023.423 1021.568 1019.741 1018.065 1016.389 1014.789 1013.238 1011.686 1010.201 1008.669 1007.211 1005.755 1004.401 1003.047 1001.693 1000.339 998.4386 996.3557 995.1129 993.6384 992.012 990.7017 988.7842 986.1508 983.7383 981.2503 979.1381 977.5311 975.9361 974.1247 972.3133 970.502 966.3271 961.3093 958.5326 956.6606 955.9115 954.1603 952.5495 950.8289 948.3403 945.4314 941.3667 938.8384 937.493 937.453 937.6124 936.7031 936.1787 934.6354 933.7631 932.7673 931.7887 931.7284 932.0117
1022.74 1022.204 1023.242 1024.146 1024.996 1025.811 1026.379 1026.122 1024.267 1022.411 1020.556 1018.827 1017.275 1015.853 1014.431 1013.008 1011.583 1009.549 1008.09 1006.704 1005.35 1003.996 1002.642 1001.288 999.8989 998.0043 996.5367 994.8151 993.4143 991.9625 990.4085 988.1322 985.4855 982.8032 980.0565 978.2251 976.4138 974.6024 972.7911 970.8483 967.8955 964.2727 960.5012 959.2087 958.4595 956.929 955.3965 953.6758 952.4373 950.8934 947.1003 943.9543 941.9667 941.9939 942.8339 943.0729 942.5577 941.8711 941.377 939.6226 936.9973 936.4841 936.994
1020.731 1020.478 1021.373 1022.266 1023.099 1023.98 1024.424 1025.172 1024.598 1022.844 1020.998 1019.579 1018.632 1017.21 1015.787 1014.365 1012.943 1010.673 1009.007 1007.653 1006.299 1004.945 1003.591 1002.225 1000.846 999.3938 997.6722 996.1268 994.6424 993.0759 991.4103 989.5212 986.8369 984.0374 981.2326 978.9451 976.921 974.8968 972.8726 970.8484 968.1638 965.889 963.6143 962.5184 961.3696 959.7589 958.2435 956.9195 955.8878 955.0071 952.388 949.4551 946.8105 946.793 948.2155 949.7036 949.7767 948.5066 946.5721 943.5042 941.6797 941.3312 943.455
1018.896 1019.268 1019.639 1020.387 1021.269 1022.15 1022.73 1023.518 1023.301 1022.612 1020.865 1019.575 1018.744 1017.913 1017.082 1015.722 1014.299 1011.972 1009.604 1008.225 1006.846 1005.467 1004.191 1002.924 1001.657 1000.39 998.8394 997.2974 995.6739 993.9896 992.2731 990.4078 987.7156 984.8262 982.0049 979.4127 977.508 975.6507 973.883 972.6682 971.1053 969.334 967.2452 966.0016 964.5251 962.8589 961.2762 960.3564 959.4944 959.0961 957.1155 954.5044 952.2704 951.2935 951.9184 952.3297 953.0668 952.5501 950.1144 947.3207 946.0359 947.0922 950.5732
1016.176 1016.303 1016.743 1017.936 1019.197 1020.288 1021.018 1021.63 1021.332 1021.128 1020.057 1018.222 1016.936 1016.47 1016.005 1015.54 1015.072 1012.761 1010.094 1008.696 1007.344 1005.991 1004.639 1003.287 1001.934 1000.582 999.8954 998.2719 996.5516 994.6317 992.7119 990.7007 988.5579 985.8701 983.1823 980.8685 978.869 977.7637 976.598 975.0351 973.4722 972.1012 970.7269 969.1688 967.6503 966.1146 964.6365 963.6033 963.032 962.4717 961.2368 959.9004 957.8107 955.2318 954.9191 954.7698 955.5032 955.7922 953.5682 951.74 950.4068 951.6592 953.6433
1014.401 1013.338 1014.122 1015.319 1016.579 1018.171 1019.065 1019.606 1019.703 1019.673 1018.909 1017.435 1015.602 1014.262 1013.797 1013.331 1012.676 1011.403 1009.331 1008.088 1006.865 1005.512 1004.16 1002.808 1001.455 1000.103 1000 998.6181 996.5305 994.4428 992.3552 990.2813 989.9022 987.2144 984.7173 982.7674 981.974 980.8284 979.5192 978.2529 976.9867 975.7204 974.3596 972.6793 971.2573 969.475 967.9969 966.8513 966.5043 965.6442 964.6427 963.5127 961.8668 959.17 957.793 957.2099 957.9396 958.6572 957.5933 955.9568 954.2058 954.9379 956.7274
1011.829 1010.409 1011.501 1012.702 1014.927 1015.979 1017.439 1017.712 1018.277 1018.31 1017.438 1016.649 1014.815 1012.981 1011.588 1011.047 1010.28 1008.978 1008.276 1006.533 1006.212 1005.033 1003.681 1002.329 1000.977 1000 1000 998.6183 996.5601 994.6198 992.6795 990.7393 990 988.5661 986.861 986.046 985.403 984.7263 983.619 982.1608 980.6993 979.3397 977.9924 976.7755 975.6901 973.7402 971.7905 970.4314 969.8525 968.8165 968.3958 967.382 966.0704 963.3177 960.9262 959.8171 960.5779 961.681 961.3637 959.6914 958.1262 958.3604 960.1116
1009.131 1009.029 1008.926 1011.027 1012.892 1014.399 1015.818 1016.16 1016.85 1016.903 1016.161 1015.221 1014.029 1012.195 1010.361 1008.477 1007.611 1006.533 1005.696 1005.791 1004.641 1004.336 1003.202 1001.85 1000.498 1000 999.8642 998.0449 995.9576 993.8704 991.7832 990 990 990 989.7094 989.4807 989.072 988.6241 987.5919 986.3381 984.8766 983.4151 982.1866 981.0616 979.9406 978.4221 976.8601 975.2982 974.4152 973.2072 972.6441 971.4493 970.2451 968.0966 965.8884 964.2523 964.3815 965.4263 964.8947 963.2392 962.3634 962.1512 962.6596
1006.005 1005.176 1005.123 1008.805 1011.313 1013.028 1013.924 1014.693 1015.424 1015.495 1014.884 1013.926 1013.009 1011.409 1009.469 1007.179 1005.082 1004.039 1003.159 1003.446 1002.992 1002.841 1002.46 1001.371 1000.019 1000 998.3075 996.9612 994.874 992.7867 990.6995 990 990 990.0291 991.2695 991.2676 991.3215 991.1223 990.691 990.1555 989.0643 987.8691 986.6885 985.425 983.7836 982.5703 981.4645 980.3588 979.0898 978.1048 977.0801 975.7762 974.4722 972.7901 970.8134 968.8051 968.7421 969.2756 969.0693 968.7308 967.3568 966.0731 965.2075
1003.113 1001.335 1001.335 1005.647 1010.032 1011.584 1012.409 1013.227 1013.997 1014.088 1013.607 1012.649 1011.691 1010.622 1008.487 1006.197 1003.907 1001.875 1000.622 1000.817 1001.339 1001.145 1001.016 1000.583 999.9462 998.6156 996.7508 995.5534 993.7903 991.7031 990 990 990 991.0992 992.3397 992.7611 992.8957 992.8568 992.4456 991.91 991.5186 991.0095 990.3483 988.851 987.5375 986.2578 985.152 983.963 982.822 981.9714 980.936 980.0024 978.6994 977.2841 975.3056 973.0571 972.6418 972.7167 972.2766 971.8224 971.0714 969.9949 967.7555
1000.416 997.825 998.8672 1002.802 1006.8 1010.137 1010.943 1011.76 1012.571 1012.681 1012.33 1011.372 1010.414 1009.712 1007.447 1005.182 1002.916 1000.634 997.9779 997.1271 997.9293 998.9325 998.6115 997.9224 997.4224 996.1148 995.1942 993.6841 992.7066 990.6194 990 990 990.929 992.1694 993.4099 994.2546 994.3504 994.5913 994.2002 993.6712 993.4357 992.9266 992.098 991.4438 990.7159 989.9781 988.667 987.3233 986.283 985.1459 983.963 983.0293 982.0956 980.9418 979.4179 977.1695 976.3548 975.2678 974.9853 974.0988 973.1465 971.7899 970.3971
998.4153 995.5995 997.1279 999.9689 1003.499 1007.057 1008.962 1010.293 1011.111 1011.273 1011.053 1010.095 1010 1009.062 1007.118 1005.042 1002.962 1000.881 997.6186 993.6107 994.6211 996.152 995.0167 994.4357 994.3289 993.7203 992.9326 991.8147 991.6229 990 990 990.7586 991.9991 993.2396 994.48 995.7205 995.8051 996.3258 995.9548 995.6378 995.3528 994.8082 994.0649 993.5247 992.7967 992.0843 991.2507 990.4518 989.7556 988.3204 986.99 986.0563 984.607 983.2742 982.0002 980.7263 979.3491 977.9216 977.198 976.3273 974.9259 973.5615 971.4521
997.2067 994.407 996.1052 998.2521 1000.237 1003.795 1006.058 1007.677 1009.311 1009.683 1009.908 1009.563 1008.961 1008.12 1006.909 1005.195 1003.406 1001.344 998.5289 995.204 992.2674 993.0517 992.1202 991.124 991.1238 990.7797 990.2275 989.9264 990.3713 990 990.5883 991.8288 993.0693 994.3098 995.5502 996.7907 997.2597 997.8832 997.7093 997.6044 997.27 996.581 996.1833 995.6055 994.8932 994.1541 993.3237 992.6465 991.7482 990.8765 989.992 988.3306 986.8147 985.6042 984.3303 982.7662 981.4503 980.3234 979.4107 978.0911 976.7181 974.6049 972.333
995.3832 993.2144 995.0825 996.5354 998.4078 1000.532 1003.154 1004.893 1005.98 1006.964 1008.014 1007.828 1007.787 1006.997 1006.144 1004.756 1003.042 1001.328 999.5364 996.7308 993.8608 990.9241 989.4188 987.3575 987.2941 986.773 986.0217 985.5669 989.0593 990.418 991.6585 992.899 994.1394 995.3799 996.6204 997.8608 998.7144 999.3379 999.6118 999.571 999.1871 998.7028 998.2845 997.6863 997.0286 996.2258 995.4471 994.5828 993.6094 992.7377 991.5801 990.302 989.1621 987.9342 986.2382 984.5654 983.3231 982.187 981.1358 979.8548 977.8068 975.7657 973.6925
993.525 992.0219 993.4214 994.8186 996.691 998.5634 1000.428 1002.277 1003.563 1005.263 1006.12 1006.123 1006.295 1005.861 1005.033 1004.162 1002.603 1000.889 999.8171 997.0429 994.2708 991.4988 987.8777 984.1185 983.1274 982.4125 981.7261 981.3528 986.6165 990.6676 992.1566 993.6456 995.0073 996.2893 997.5713 998.8533 1000.101 1000.663 1000.908 1000.923 1000.7 1000.474 1000.255 999.8161 999.1639 998.2988 997.4315 996.4208 995.4706 994.4446 993.16 991.9258 991.0816 989.7103 987.9745 986.5126 984.9258 983.9762 982.6973 981.163 979.506 977.384 975.1876
991.5284 990.8293 991.5677 993.1018 994.9647 996.7792 998.4611 1000.162 1001.862 1003.444 1004.226 1004.418 1004.691 1004.481 1003.911 1003.058 1002.165 1000.45 998.8853 996.6534 994.4216 991.9183 988.577 983.9565 979.6501 978.8776 978.4968 979.6767 985.9819 990.5707 992.0597 993.5487 995.0377 996.5267 998.0157 999.4942 1000.577 1001.409 1002.101 1002.092 1001.919 1001.767 1001.643 1001.232 1000.742 1000.175 999.2696 998.259 997.309 996.0159 994.704 993.6078 992.5042 991.1382 989.7108 988.1307 986.7337 985.509 983.9746 982.4985 980.7339 978.6752 976.4745
989.5881 988.2678 989.5145 991.335 993.1496 994.9642 996.6225 998.3952 1000.161 1001.55 1002.332 1002.713 1003.041 1002.944 1002.561 1001.947 1001.075 1000.012 997.8777 995.7457 993.6716 991.5974 988.8851 984.4773 980.6544 977.3881 975.9839 978.9526 983.9191 990.0891 991.5785 993.0679 994.5574 995.9685 997.4349 999.0312 1000.327 1001.446 1002.575 1003.293 1003.138 1003.195 1002.993 1002.509 1001.921 1001.323 1000.692 1000.061 998.8719 997.5599 996.2479 995.2363 993.8704 992.5045 991.1386 989.7334 988.3206 986.8546 985.4027 983.6563 981.8123 979.9622 977.1369
987.9692 985.8442 987.2189 989.4182 991.3345 993.1358 994.8492 996.622 998.2885 999.5945 1000.562 1001.008 1001.391 1001.407 1001.13 1000.636 999.9586 998.67 997.3366 995.4444 993.4515 991.4457 989.1011 985.5562 981.7332 978.2774 974.2327 977.5012 981.4965 987.4985 990.9185 992.3212 993.7634 995.3597 996.8318 998.2145 999.6789 1000.842 1001.888 1003.183 1004.401 1004.623 1004.247 1003.658 1003.07 1002.471 1001.84 1001.123 1000.27 999.1038 997.8159 996.6025 995.2366 993.8707 992.5049 991.0689 989.7589 988.3069 986.5787 984.6559 982.6335 980.6111 977.9451
986.853 984.7281 985.7629 987.5638 989.4176 991.3033 992.9786 994.6122 996.0604 997.3581 998.5099 999.0914 999.6393 999.7188 999.4216 998.902 998.1576 997.052 995.7624 994.4695 992.6853 990.7931 988.4513 985.3147 982.1781 978.6719 974.3258 974.86 977.9115 983.0518 990.0743 991.4844 992.8945 994.3047 995.6464 996.8561 998.4994 1000.091 1001.239 1002.469 1003.421 1004.149 1005.137 1004.808 1004.219 1003.62 1002.978 1002.126 1001.273 1000.421 999.3346 997.9688 996.6028 995.1288 993.6329 992.3511 991.0692 989.3903 987.3619 985.3589 983.356 981.353 978.8141
